Semillas: 0
Aristas: 8
400.000000 0.000000 0.000000 0.000000
0.000000 0.000000 400.000000 0.000000
0.000000 0.000000 0.000000 400.000000
0.000000 400.000000 0.000000 0.000000
0.000000 400.000000 400.000000 400.000000
400.000000 400.000000 0.000000 400.000000
400.000000 400.000000 400.000000 0.000000
400.000000 0.000000 400.000000 400.000000
Semillas: 1
204.000000 87.000000
Aristas: 8
400.000000 0.000000 0.000000 0.000000
0.000000 0.000000 400.000000 0.000000
0.000000 0.000000 0.000000 400.000000
0.000000 400.000000 0.000000 0.000000
0.000000 400.000000 400.000000 400.000000
400.000000 400.000000 0.000000 400.000000
400.000000 400.000000 400.000000 0.000000
400.000000 0.000000 400.000000 400.000000
Semillas: 1
204.000000 87.000000
Aristas: 8
400.000000 0.000000 0.000000 0.000000
0.000000 0.000000 400.000000 0.000000
0.000000 0.000000 0.000000 400.000000
0.000000 400.000000 0.000000 0.000000
0.000000 400.000000 400.000000 400.000000
400.000000 400.000000 0.000000 400.000000
400.000000 400.000000 400.000000 0.000000
400.000000 0.000000 400.000000 400.000000
Semillas: 2
204.000000 87.000000
173.000000 175.000000
Aristas: 8
400.000000 0.000000 0.000000 0.000000
0.000000 0.000000 400.000000 0.000000
0.000000 0.000000 0.000000 400.000000
0.000000 400.000000 0.000000 0.000000
0.000000 400.000000 400.000000 400.000000
400.000000 400.000000 0.000000 400.000000
400.000000 400.000000 400.000000 0.000000
400.000000 0.000000 400.000000 400.000000
Semillas: 2
204.000000 87.000000
173.000000 175.000000
Aristas: 14
400.000000 0.000000 0.000000 0.000000
0.000000 0.000000 400.000000 0.000000
0.000000 64.596591 0.000000 400.000000
0.000000 400.000000 0.000000 64.596591
0.000000 400.000000 400.000000 400.000000
400.000000 400.000000 0.000000 400.000000
400.000000 205.505682 400.000000 0.000000
400.000000 0.000000 400.000000 205.505682
0.000000 0.000000 0.000000 64.596591
0.000000 64.596591 0.000000 0.000000
400.000000 400.000000 400.000000 205.505682
400.000000 205.505682 400.000000 400.000000
400.000000 205.505682 0.000000 64.596591
0.000000 64.596591 400.000000 205.505682
Semillas: 3
204.000000 87.000000
173.000000 175.000000
69.000000 3.000000
Aristas: 14
400.000000 0.000000 0.000000 0.000000
0.000000 0.000000 400.000000 0.000000
0.000000 64.596591 0.000000 400.000000
0.000000 400.000000 0.000000 64.596591
0.000000 400.000000 400.000000 400.000000
400.000000 400.000000 0.000000 400.000000
400.000000 205.505682 400.000000 0.000000
400.000000 0.000000 400.000000 205.505682
0.000000 0.000000 0.000000 64.596591
0.000000 64.596591 0.000000 0.000000
400.000000 400.000000 400.000000 205.505682
400.000000 205.505682 400.000000 400.000000
400.000000 205.505682 0.000000 64.596591
0.000000 64.596591 400.000000 205.505682
Semillas: 3
204.000000 87.000000
173.000000 175.000000
69.000000 3.000000
Aristas: 20
164.500000 -0.000000 0.000000 0.000000
0.000000 0.000000 164.500000 -0.000000
0.000000 64.596591 0.000000 400.000000
0.000000 400.000000 0.000000 64.596591
0.000000 400.000000 400.000000 400.000000
400.000000 400.000000 0.000000 400.000000
400.000000 205.505682 400.000000 0.000000
400.000000 0.000000 400.000000 205.505682
0.000000 0.000000 0.000000 64.596591
0.000000 64.596591 0.000000 0.000000
400.000000 400.000000 400.000000 205.505682
400.000000 205.505682 400.000000 400.000000
400.000000 205.505682 101.958161 100.513670
101.958161 100.513670 400.000000 205.505682
0.000000 64.596591 101.958161 100.513670
101.958161 100.513670 0.000000 64.596591
400.000000 0.000000 164.500000 -0.000000
164.500000 -0.000000 400.000000 0.000000
164.500000 -0.000000 101.958161 100.513670
101.958161 100.513670 164.500000 -0.000000
Semillas: 3
204.000000 87.000000
173.000000 175.000000
69.000000 3.000000
Aristas: 20
164.500000 -0.000000 0.000000 0.000000
0.000000 0.000000 164.500000 -0.000000
0.000000 162.162791 0.000000 400.000000
0.000000 400.000000 0.000000 162.162791
0.000000 400.000000 400.000000 400.000000
400.000000 400.000000 0.000000 400.000000
400.000000 205.505682 400.000000 0.000000
400.000000 0.000000 400.000000 205.505682
0.000000 0.000000 0.000000 162.162791
0.000000 162.162791 0.000000 0.000000
400.000000 400.000000 400.000000 205.505682
400.000000 205.505682 400.000000 400.000000
400.000000 205.505682 101.958161 100.513670
101.958161 100.513670 400.000000 205.505682
400.000000 0.000000 164.500000 -0.000000
164.500000 -0.000000 400.000000 0.000000
164.500000 -0.000000 101.958161 100.513670
101.958161 100.513670 164.500000 -0.000000
0.000000 162.162791 101.958161 100.513670
101.958161 100.513670 0.000000 162.162791
Semillas: 4
204.000000 87.000000
173.000000 175.000000
69.000000 3.000000
174.000000 31.000000
Aristas: 20
164.500000 -0.000000 0.000000 0.000000
0.000000 0.000000 164.500000 -0.000000
0.000000 162.162791 0.000000 400.000000
0.000000 400.000000 0.000000 162.162791
0.000000 400.000000 400.000000 400.000000
400.000000 400.000000 0.000000 400.000000
400.000000 205.505682 400.000000 0.000000
400.000000 0.000000 400.000000 205.505682
0.000000 0.000000 0.000000 162.162791
0.000000 162.162791 0.000000 0.000000
400.000000 400.000000 400.000000 205.505682
400.000000 205.505682 400.000000 400.000000
400.000000 205.505682 101.958161 100.513670
101.958161 100.513670 400.000000 205.505682
400.000000 0.000000 164.500000 -0.000000
164.500000 -0.000000 400.000000 0.000000
164.500000 -0.000000 101.958161 100.513670
101.958161 100.513670 164.500000 -0.000000
0.000000 162.162791 101.958161 100.513670
101.958161 100.513670 0.000000 162.162791
Semillas: 4
204.000000 87.000000
173.000000 175.000000
69.000000 3.000000
174.000000 31.000000
Aristas: 26
164.500000 -0.000000 0.000000 0.000000
0.000000 0.000000 164.500000 -0.000000
0.000000 162.162791 0.000000 400.000000
0.000000 400.000000 0.000000 162.162791
0.000000 400.000000 400.000000 400.000000
400.000000 400.000000 0.000000 400.000000
400.000000 205.505682 400.000000 0.000000
400.000000 0.000000 400.000000 205.505682
0.000000 0.000000 0.000000 162.162791
0.000000 162.162791 0.000000 0.000000
400.000000 400.000000 400.000000 205.505682
400.000000 205.505682 400.000000 400.000000
400.000000 205.505682 107.719378 102.543190
107.719378 102.543190 400.000000 205.505682
299.133333 -0.000000 164.500000 -0.000000
164.500000 -0.000000 299.133333 -0.000000
164.500000 -0.000000 101.958161 100.513670
101.958161 100.513670 164.500000 -0.000000
0.000000 162.162791 101.958161 100.513670
101.958161 100.513670 0.000000 162.162791
101.958161 100.513670 107.719378 102.543190
107.719378 102.543190 101.958161 100.513670
400.000000 0.000000 299.133333 -0.000000
299.133333 -0.000000 400.000000 0.000000
299.133333 -0.000000 107.719378 102.543190
107.719378 102.543190 299.133333 -0.000000
Semillas: 4
204.000000 87.000000
173.000000 175.000000
69.000000 3.000000
174.000000 31.000000
Aristas: 28
164.500000 -0.000000 0.000000 0.000000
0.000000 0.000000 164.500000 -0.000000
0.000000 162.162791 0.000000 400.000000
0.000000 400.000000 0.000000 162.162791
0.000000 400.000000 400.000000 400.000000
400.000000 400.000000 0.000000 400.000000
400.000000 205.505682 400.000000 0.000000
400.000000 0.000000 400.000000 205.505682
0.000000 0.000000 0.000000 162.162791
0.000000 162.162791 0.000000 0.000000
400.000000 400.000000 400.000000 205.505682
400.000000 205.505682 400.000000 400.000000
400.000000 205.505682 107.719378 102.543190
107.719378 102.543190 400.000000 205.505682
299.133333 -0.000000 164.500000 -0.000000
164.500000 -0.000000 299.133333 -0.000000
164.500000 -0.000000 101.958161 100.513670
101.958161 100.513670 164.500000 -0.000000
0.000000 162.162791 98.705176 102.480591
98.705176 102.480591 0.000000 162.162791
400.000000 0.000000 299.133333 -0.000000
299.133333 -0.000000 400.000000 0.000000
299.133333 -0.000000 107.719378 102.543190
107.719378 102.543190 299.133333 -0.000000
101.958161 100.513670 98.705176 102.480591
98.705176 102.480591 101.958161 100.513670
107.719378 102.543190 98.705176 102.480591
98.705176 102.480591 107.719378 102.543190
Semillas: 4
204.000000 87.000000
173.000000 175.000000
69.000000 3.000000
174.000000 31.000000
Aristas: 26
126.033333 -0.000000 0.000000 0.000000
0.000000 0.000000 126.033333 -0.000000
0.000000 162.162791 0.000000 400.000000
0.000000 400.000000 0.000000 162.162791
0.000000 400.000000 400.000000 400.000000
400.000000 400.000000 0.000000 400.000000
400.000000 205.505682 400.000000 0.000000
400.000000 0.000000 400.000000 205.505682
0.000000 0.000000 0.000000 162.162791
0.000000 162.162791 0.000000 0.000000
400.000000 400.000000 400.000000 205.505682
400.000000 205.505682 400.000000 400.000000
400.000000 205.505682 107.719378 102.543190
107.719378 102.543190 400.000000 205.505682
299.133333 -0.000000 126.033333 -0.000000
126.033333 -0.000000 299.133333 -0.000000
0.000000 162.162791 98.705176 102.480591
98.705176 102.480591 0.000000 162.162791
400.000000 0.000000 299.133333 -0.000000
299.133333 -0.000000 400.000000 0.000000
299.133333 -0.000000 107.719378 102.543190
107.719378 102.543190 299.133333 -0.000000
107.719378 102.543190 98.705176 102.480591
98.705176 102.480591 107.719378 102.543190
126.033333 -0.000000 98.705176 102.480591
98.705176 102.480591 126.033333 -0.000000
Semillas: 5
204.000000 87.000000
173.000000 175.000000
69.000000 3.000000
174.000000 31.000000
310.000000 178.000000
Aristas: 26
126.033333 -0.000000 0.000000 0.000000
0.000000 0.000000 126.033333 -0.000000
0.000000 162.162791 0.000000 400.000000
0.000000 400.000000 0.000000 162.162791
0.000000 400.000000 400.000000 400.000000
400.000000 400.000000 0.000000 400.000000
400.000000 205.505682 400.000000 0.000000
400.000000 0.000000 400.000000 205.505682
0.000000 0.000000 0.000000 162.162791
0.000000 162.162791 0.000000 0.000000
400.000000 400.000000 400.000000 205.505682
400.000000 205.505682 400.000000 400.000000
400.000000 205.505682 107.719378 102.543190
107.719378 102.543190 400.000000 205.505682
299.133333 -0.000000 126.033333 -0.000000
126.033333 -0.000000 299.133333 -0.000000
0.000000 162.162791 98.705176 102.480591
98.705176 102.480591 0.000000 162.162791
400.000000 0.000000 299.133333 -0.000000
299.133333 -0.000000 400.000000 0.000000
299.133333 -0.000000 107.719378 102.543190
107.719378 102.543190 299.133333 -0.000000
107.719378 102.543190 98.705176 102.480591
98.705176 102.480591 107.719378 102.543190
126.033333 -0.000000 98.705176 102.480591
98.705176 102.480591 126.033333 -0.000000
Semillas: 5
204.000000 87.000000
173.000000 175.000000
69.000000 3.000000
174.000000 31.000000
310.000000 178.000000
Aristas: 32
126.033333 -0.000000 0.000000 0.000000
0.000000 0.000000 126.033333 -0.000000
0.000000 162.162791 0.000000 400.000000
0.000000 400.000000 0.000000 162.162791
236.605839 400.000000 400.000000 400.000000
400.000000 400.000000 236.605839 400.000000
400.000000 205.505682 400.000000 0.000000
400.000000 0.000000 400.000000 205.505682
0.000000 0.000000 0.000000 162.162791
0.000000 162.162791 0.000000 0.000000
400.000000 400.000000 400.000000 205.505682
400.000000 205.505682 400.000000 400.000000
242.083011 149.875833 107.719378 102.543190
107.719378 102.543190 242.083011 149.875833
299.133333 -0.000000 126.033333 -0.000000
126.033333 -0.000000 299.133333 -0.000000
0.000000 162.162791 98.705176 102.480591
98.705176 102.480591 0.000000 162.162791
400.000000 0.000000 299.133333 -0.000000
299.133333 -0.000000 400.000000 0.000000
299.133333 -0.000000 107.719378 102.543190
107.719378 102.543190 299.133333 -0.000000
107.719378 102.543190 98.705176 102.480591
98.705176 102.480591 107.719378 102.543190
126.033333 -0.000000 98.705176 102.480591
98.705176 102.480591 126.033333 -0.000000
0.000000 400.000000 236.605839 400.000000
236.605839 400.000000 0.000000 400.000000
400.000000 205.505682 242.083011 149.875833
242.083011 149.875833 400.000000 205.505682
242.083011 149.875833 236.605839 400.000000
236.605839 400.000000 242.083011 149.875833
Semillas: 5
204.000000 87.000000
173.000000 175.000000
69.000000 3.000000
174.000000 31.000000
310.000000 178.000000
Aristas: 32
126.033333 -0.000000 0.000000 0.000000
0.000000 0.000000 126.033333 -0.000000
0.000000 162.162791 0.000000 400.000000
0.000000 400.000000 0.000000 162.162791
236.605839 400.000000 400.000000 400.000000
400.000000 400.000000 236.605839 400.000000
0.000000 0.000000 0.000000 162.162791
0.000000 162.162791 0.000000 0.000000
400.000000 400.000000 400.000000 0.000000
400.000000 0.000000 400.000000 400.000000
242.083011 149.875833 107.719378 102.543190
107.719378 102.543190 242.083011 149.875833
299.133333 -0.000000 126.033333 -0.000000
126.033333 -0.000000 299.133333 -0.000000
0.000000 162.162791 98.705176 102.480591
98.705176 102.480591 0.000000 162.162791
370.750000 -0.000000 299.133333 -0.000000
299.133333 -0.000000 370.750000 -0.000000
299.133333 -0.000000 107.719378 102.543190
107.719378 102.543190 299.133333 -0.000000
107.719378 102.543190 98.705176 102.480591
98.705176 102.480591 107.719378 102.543190
126.033333 -0.000000 98.705176 102.480591
98.705176 102.480591 126.033333 -0.000000
0.000000 400.000000 236.605839 400.000000
236.605839 400.000000 0.000000 400.000000
242.083011 149.875833 236.605839 400.000000
236.605839 400.000000 242.083011 149.875833
400.000000 0.000000 370.750000 -0.000000
370.750000 -0.000000 400.000000 0.000000
370.750000 -0.000000 242.083011 149.875833
242.083011 149.875833 370.750000 -0.000000
Semillas: 6
204.000000 87.000000
173.000000 175.000000
69.000000 3.000000
174.000000 31.000000
310.000000 178.000000
149.000000 32.000000
Aristas: 32
126.033333 -0.000000 0.000000 0.000000
0.000000 0.000000 126.033333 -0.000000
0.000000 162.162791 0.000000 400.000000
0.000000 400.000000 0.000000 162.162791
236.605839 400.000000 400.000000 400.000000
400.000000 400.000000 236.605839 400.000000
0.000000 0.000000 0.000000 162.162791
0.000000 162.162791 0.000000 0.000000
400.000000 400.000000 400.000000 0.000000
400.000000 0.000000 400.000000 400.000000
242.083011 149.875833 107.719378 102.543190
107.719378 102.543190 242.083011 149.875833
299.133333 -0.000000 126.033333 -0.000000
126.033333 -0.000000 299.133333 -0.000000
0.000000 162.162791 98.705176 102.480591
98.705176 102.480591 0.000000 162.162791
370.750000 -0.000000 299.133333 -0.000000
299.133333 -0.000000 370.750000 -0.000000
299.133333 -0.000000 107.719378 102.543190
107.719378 102.543190 299.133333 -0.000000
107.719378 102.543190 98.705176 102.480591
98.705176 102.480591 107.719378 102.543190
126.033333 -0.000000 98.705176 102.480591
98.705176 102.480591 126.033333 -0.000000
0.000000 400.000000 236.605839 400.000000
236.605839 400.000000 0.000000 400.000000
242.083011 149.875833 236.605839 400.000000
236.605839 400.000000 242.083011 149.875833
400.000000 0.000000 370.750000 -0.000000
370.750000 -0.000000 400.000000 0.000000
370.750000 -0.000000 242.083011 149.875833
242.083011 149.875833 370.750000 -0.000000
Semillas: 6
204.000000 87.000000
173.000000 175.000000
69.000000 3.000000
174.000000 31.000000
310.000000 178.000000
149.000000 32.000000
Aristas: 38
126.033333 -0.000000 0.000000 0.000000
0.000000 0.000000 126.033333 -0.000000
0.000000 162.162791 0.000000 400.000000
0.000000 400.000000 0.000000 162.162791
236.605839 400.000000 400.000000 400.000000
400.000000 400.000000 236.605839 400.000000
0.000000 0.000000 0.000000 162.162791
0.000000 162.162791 0.000000 0.000000
400.000000 400.000000 400.000000 0.000000
400.000000 0.000000 400.000000 400.000000
242.083011 149.875833 107.719378 102.543190
107.719378 102.543190 242.083011 149.875833
160.240000 0.000000 126.033333 -0.000000
126.033333 -0.000000 160.240000 0.000000
0.000000 162.162791 98.705176 102.480591
98.705176 102.480591 0.000000 162.162791
370.750000 -0.000000 299.133333 -0.000000
299.133333 -0.000000 370.750000 -0.000000
299.133333 -0.000000 163.153846 72.846154
163.153846 72.846154 299.133333 -0.000000
107.719378 102.543190 98.705176 102.480591
98.705176 102.480591 107.719378 102.543190
126.033333 -0.000000 98.705176 102.480591
98.705176 102.480591 126.033333 -0.000000
0.000000 400.000000 236.605839 400.000000
236.605839 400.000000 0.000000 400.000000
242.083011 149.875833 236.605839 400.000000
236.605839 400.000000 242.083011 149.875833
400.000000 0.000000 370.750000 -0.000000
370.750000 -0.000000 400.000000 0.000000
370.750000 -0.000000 242.083011 149.875833
242.083011 149.875833 370.750000 -0.000000
299.133333 -0.000000 160.240000 0.000000
160.240000 0.000000 299.133333 -0.000000
107.719378 102.543190 163.153846 72.846154
163.153846 72.846154 107.719378 102.543190
163.153846 72.846154 160.240000 0.000000
160.240000 0.000000 163.153846 72.846154
Semillas: 6
204.000000 87.000000
173.000000 175.000000
69.000000 3.000000
174.000000 31.000000
310.000000 178.000000
149.000000 32.000000
Aristas: 40
126.033333 -0.000000 0.000000 0.000000
0.000000 0.000000 126.033333 -0.000000
0.000000 162.162791 0.000000 400.000000
0.000000 400.000000 0.000000 162.162791
236.605839 400.000000 400.000000 400.000000
400.000000 400.000000 236.605839 400.000000
0.000000 0.000000 0.000000 162.162791
0.000000 162.162791 0.000000 0.000000
400.000000 400.000000 400.000000 0.000000
400.000000 0.000000 400.000000 400.000000
242.083011 149.875833 126.752101 109.247899
126.752101 109.247899 242.083011 149.875833
160.240000 0.000000 126.033333 -0.000000
126.033333 -0.000000 160.240000 0.000000
0.000000 162.162791 98.705176 102.480591
98.705176 102.480591 0.000000 162.162791
370.750000 -0.000000 299.133333 -0.000000
299.133333 -0.000000 370.750000 -0.000000
299.133333 -0.000000 163.153846 72.846154
163.153846 72.846154 299.133333 -0.000000
107.719378 102.543190 98.705176 102.480591
98.705176 102.480591 107.719378 102.543190
126.033333 -0.000000 98.705176 102.480591
98.705176 102.480591 126.033333 -0.000000
0.000000 400.000000 236.605839 400.000000
236.605839 400.000000 0.000000 400.000000
242.083011 149.875833 236.605839 400.000000
236.605839 400.000000 242.083011 149.875833
400.000000 0.000000 370.750000 -0.000000
370.750000 -0.000000 400.000000 0.000000
370.750000 -0.000000 242.083011 149.875833
242.083011 149.875833 370.750000 -0.000000
299.133333 -0.000000 160.240000 0.000000
160.240000 0.000000 299.133333 -0.000000
163.153846 72.846154 160.240000 0.000000
160.240000 0.000000 163.153846 72.846154
107.719378 102.543190 126.752101 109.247899
126.752101 109.247899 107.719378 102.543190
126.752101 109.247899 163.153846 72.846154
163.153846 72.846154 126.752101 109.247899
Semillas: 6
204.000000 87.000000
173.000000 175.000000
69.000000 3.000000
174.000000 31.000000
310.000000 178.000000
149.000000 32.000000
Aristas: 40
126.033333 -0.000000 0.000000 0.000000
0.000000 0.000000 126.033333 -0.000000
0.000000 162.162791 0.000000 400.000000
0.000000 400.000000 0.000000 162.162791
236.605839 400.000000 400.000000 400.000000
400.000000 400.000000 236.605839 400.000000
0.000000 0.000000 0.000000 162.162791
0.000000 162.162791 0.000000 0.000000
400.000000 400.000000 400.000000 0.000000
400.000000 0.000000 400.000000 400.000000
242.083011 149.875833 126.752101 109.247899
126.752101 109.247899 242.083011 149.875833
160.240000 0.000000 126.033333 -0.000000
126.033333 -0.000000 160.240000 0.000000
0.000000 162.162791 72.436895 118.363738
72.436895 118.363738 0.000000 162.162791
370.750000 -0.000000 299.133333 -0.000000
299.133333 -0.000000 370.750000 -0.000000
299.133333 -0.000000 163.153846 72.846154
163.153846 72.846154 299.133333 -0.000000
126.033333 -0.000000 98.705176 102.480591
98.705176 102.480591 126.033333 -0.000000
0.000000 400.000000 236.605839 400.000000
236.605839 400.000000 0.000000 400.000000
242.083011 149.875833 236.605839 400.000000
236.605839 400.000000 242.083011 149.875833
400.000000 0.000000 370.750000 -0.000000
370.750000 -0.000000 400.000000 0.000000
370.750000 -0.000000 242.083011 149.875833
242.083011 149.875833 370.750000 -0.000000
299.133333 -0.000000 160.240000 0.000000
160.240000 0.000000 299.133333 -0.000000
163.153846 72.846154 160.240000 0.000000
160.240000 0.000000 163.153846 72.846154
126.752101 109.247899 163.153846 72.846154
163.153846 72.846154 126.752101 109.247899
98.705176 102.480591 72.436895 118.363738
72.436895 118.363738 98.705176 102.480591
72.436895 118.363738 126.752101 109.247899
126.752101 109.247899 72.436895 118.363738
Semillas: 6
204.000000 87.000000
173.000000 175.000000
69.000000 3.000000
174.000000 31.000000
310.000000 178.000000
149.000000 32.000000
Aristas: 38
115.343750 -0.000000 0.000000 0.000000
0.000000 0.000000 115.343750 -0.000000
0.000000 162.162791 0.000000 400.000000
0.000000 400.000000 0.000000 162.162791
236.605839 400.000000 400.000000 400.000000
400.000000 400.000000 236.605839 400.000000
0.000000 0.000000 0.000000 162.162791
0.000000 162.162791 0.000000 0.000000
400.000000 400.000000 400.000000 0.000000
400.000000 0.000000 400.000000 400.000000
242.083011 149.875833 126.752101 109.247899
126.752101 109.247899 242.083011 149.875833
160.240000 0.000000 115.343750 -0.000000
115.343750 -0.000000 160.240000 0.000000
0.000000 162.162791 72.436895 118.363738
72.436895 118.363738 0.000000 162.162791
370.750000 -0.000000 299.133333 -0.000000
299.133333 -0.000000 370.750000 -0.000000
299.133333 -0.000000 163.153846 72.846154
163.153846 72.846154 299.133333 -0.000000
0.000000 400.000000 236.605839 400.000000
236.605839 400.000000 0.000000 400.000000
242.083011 149.875833 236.605839 400.000000
236.605839 400.000000 242.083011 149.875833
400.000000 0.000000 370.750000 -0.000000
370.750000 -0.000000 400.000000 0.000000
370.750000 -0.000000 242.083011 149.875833
242.083011 149.875833 370.750000 -0.000000
299.133333 -0.000000 160.240000 0.000000
160.240000 0.000000 299.133333 -0.000000
163.153846 72.846154 160.240000 0.000000
160.240000 0.000000 163.153846 72.846154
126.752101 109.247899 163.153846 72.846154
163.153846 72.846154 126.752101 109.247899
72.436895 118.363738 126.752101 109.247899
126.752101 109.247899 72.436895 118.363738
72.436895 118.363738 115.343750 -0.000000
115.343750 -0.000000 72.436895 118.363738
Semillas: 7
204.000000 87.000000
173.000000 175.000000
69.000000 3.000000
174.000000 31.000000
310.000000 178.000000
149.000000 32.000000
209.000000 360.000000
Aristas: 38
115.343750 -0.000000 0.000000 0.000000
0.000000 0.000000 115.343750 -0.000000
0.000000 162.162791 0.000000 400.000000
0.000000 400.000000 0.000000 162.162791
236.605839 400.000000 400.000000 400.000000
400.000000 400.000000 236.605839 400.000000
0.000000 0.000000 0.000000 162.162791
0.000000 162.162791 0.000000 0.000000
400.000000 400.000000 400.000000 0.000000
400.000000 0.000000 400.000000 400.000000
242.083011 149.875833 126.752101 109.247899
126.752101 109.247899 242.083011 149.875833
160.240000 0.000000 115.343750 -0.000000
115.343750 -0.000000 160.240000 0.000000
0.000000 162.162791 72.436895 118.363738
72.436895 118.363738 0.000000 162.162791
370.750000 -0.000000 299.133333 -0.000000
299.133333 -0.000000 370.750000 -0.000000
299.133333 -0.000000 163.153846 72.846154
163.153846 72.846154 299.133333 -0.000000
0.000000 400.000000 236.605839 400.000000
236.605839 400.000000 0.000000 400.000000
242.083011 149.875833 236.605839 400.000000
236.605839 400.000000 242.083011 149.875833
400.000000 0.000000 370.750000 -0.000000
370.750000 -0.000000 400.000000 0.000000
370.750000 -0.000000 242.083011 149.875833
242.083011 149.875833 370.750000 -0.000000
299.133333 -0.000000 160.240000 0.000000
160.240000 0.000000 299.133333 -0.000000
163.153846 72.846154 160.240000 0.000000
160.240000 0.000000 163.153846 72.846154
126.752101 109.247899 163.153846 72.846154
163.153846 72.846154 126.752101 109.247899
72.436895 118.363738 126.752101 109.247899
126.752101 109.247899 72.436895 118.363738
72.436895 118.363738 115.343750 -0.000000
115.343750 -0.000000 72.436895 118.363738
Semillas: 7
204.000000 87.000000
173.000000 175.000000
69.000000 3.000000
174.000000 31.000000
310.000000 178.000000
149.000000 32.000000
209.000000 360.000000
Aristas: 44
115.343750 -0.000000 0.000000 0.000000
0.000000 0.000000 115.343750 -0.000000
0.000000 304.667568 0.000000 400.000000
0.000000 400.000000 0.000000 304.667568
236.605839 400.000000 400.000000 400.000000
400.000000 400.000000 236.605839 400.000000
0.000000 0.000000 0.000000 162.162791
0.000000 162.162791 0.000000 0.000000
400.000000 400.000000 400.000000 0.000000
400.000000 0.000000 400.000000 400.000000
242.083011 149.875833 126.752101 109.247899
126.752101 109.247899 242.083011 149.875833
160.240000 0.000000 115.343750 -0.000000
115.343750 -0.000000 160.240000 0.000000
0.000000 162.162791 72.436895 118.363738
72.436895 118.363738 0.000000 162.162791
370.750000 -0.000000 299.133333 -0.000000
299.133333 -0.000000 370.750000 -0.000000
299.133333 -0.000000 163.153846 72.846154
163.153846 72.846154 299.133333 -0.000000
0.000000 400.000000 236.605839 400.000000
236.605839 400.000000 0.000000 400.000000
242.083011 149.875833 239.714883 258.020347
239.714883 258.020347 242.083011 149.875833
400.000000 0.000000 370.750000 -0.000000
370.750000 -0.000000 400.000000 0.000000
370.750000 -0.000000 242.083011 149.875833
242.083011 149.875833 370.750000 -0.000000
299.133333 -0.000000 160.240000 0.000000
160.240000 0.000000 299.133333 -0.000000
163.153846 72.846154 160.240000 0.000000
160.240000 0.000000 163.153846 72.846154
126.752101 109.247899 163.153846 72.846154
163.153846 72.846154 126.752101 109.247899
72.436895 118.363738 126.752101 109.247899
126.752101 109.247899 72.436895 118.363738
72.436895 118.363738 115.343750 -0.000000
115.343750 -0.000000 72.436895 118.363738
0.000000 162.162791 0.000000 304.667568
0.000000 304.667568 0.000000 162.162791
236.605839 400.000000 239.714883 258.020347
239.714883 258.020347 236.605839 400.000000
239.714883 258.020347 0.000000 304.667568
0.000000 304.667568 239.714883 258.020347
Semillas: 7
204.000000 87.000000
173.000000 175.000000
69.000000 3.000000
174.000000 31.000000
310.000000 178.000000
149.000000 32.000000
209.000000 360.000000
Aristas: 44
115.343750 -0.000000 0.000000 0.000000
0.000000 0.000000 115.343750 -0.000000
0.000000 304.667568 0.000000 400.000000
0.000000 400.000000 0.000000 304.667568
0.000000 0.000000 0.000000 162.162791
0.000000 162.162791 0.000000 0.000000
400.000000 346.969780 400.000000 0.000000
400.000000 0.000000 400.000000 346.969780
242.083011 149.875833 126.752101 109.247899
126.752101 109.247899 242.083011 149.875833
160.240000 0.000000 115.343750 -0.000000
115.343750 -0.000000 160.240000 0.000000
0.000000 162.162791 72.436895 118.363738
72.436895 118.363738 0.000000 162.162791
370.750000 -0.000000 299.133333 -0.000000
299.133333 -0.000000 370.750000 -0.000000
299.133333 -0.000000 163.153846 72.846154
163.153846 72.846154 299.133333 -0.000000
0.000000 400.000000 400.000000 400.000000
400.000000 400.000000 0.000000 400.000000
242.083011 149.875833 239.714883 258.020347
239.714883 258.020347 242.083011 149.875833
400.000000 0.000000 370.750000 -0.000000
370.750000 -0.000000 400.000000 0.000000
370.750000 -0.000000 242.083011 149.875833
242.083011 149.875833 370.750000 -0.000000
299.133333 -0.000000 160.240000 0.000000
160.240000 0.000000 299.133333 -0.000000
163.153846 72.846154 160.240000 0.000000
160.240000 0.000000 163.153846 72.846154
126.752101 109.247899 163.153846 72.846154
163.153846 72.846154 126.752101 109.247899
72.436895 118.363738 126.752101 109.247899
126.752101 109.247899 72.436895 118.363738
72.436895 118.363738 115.343750 -0.000000
115.343750 -0.000000 72.436895 118.363738
0.000000 162.162791 0.000000 304.667568
0.000000 304.667568 0.000000 162.162791
239.714883 258.020347 0.000000 304.667568
0.000000 304.667568 239.714883 258.020347
400.000000 400.000000 400.000000 346.969780
400.000000 346.969780 400.000000 400.000000
239.714883 258.020347 400.000000 346.969780
400.000000 346.969780 239.714883 258.020347
